1.510062906249999837e-01
2.706177187499999789e-02
2.706177187499999789e-02
6.016415624999998588e-03
2.706177187499999789e-02
6.016415624999998588e-03
6.016415624999998588e-03
4.784146874999999945e-03
2.706177187499999789e-02
6.016415624999998588e-03
6.016415624999998588e-03
4.784146874999999945e-03
6.016415624999998588e-03
4.784146874999999945e-03
4.784146874999999945e-03
1.201154062500000078e-02
2.706177187499999789e-02
6.016415624999998588e-03
6.016415624999998588e-03
4.784146874999999945e-03
6.016415624999998588e-03
4.784146874999999945e-03
4.784146874999999945e-03
1.201154062500000078e-02
6.016415624999998588e-03
4.784146874999999945e-03
4.784146874999999945e-03
1.201154062500000078e-02
4.784146874999999945e-03
1.201154062500000078e-02
1.201154062500000078e-02
3.562152187499999928e-02
2.706177187499999789e-02
6.016415624999998588e-03
6.016415624999998588e-03
4.784146874999999945e-03
6.016415624999998588e-03
4.784146874999999945e-03
4.784146874999999945e-03
1.201154062500000078e-02
6.016415624999998588e-03
4.784146874999999945e-03
4.784146874999999945e-03
1.201154062500000078e-02
4.784146874999999945e-03
1.201154062500000078e-02
1.201154062500000078e-02
3.562152187499999928e-02
6.016415624999998588e-03
4.784146874999999945e-03
4.784146874999999945e-03
1.201154062500000078e-02
4.784146874999999945e-03
1.201154062500000078e-02
1.201154062500000078e-02
3.562152187499999928e-02
4.784146874999999945e-03
1.201154062500000078e-02
1.201154062500000078e-02
3.562152187499999928e-02
1.201154062500000078e-02
3.562152187499999928e-02
3.562152187499999928e-02
1.067916656249999902e-01
